stat_data <-
structure(c(89, 92, 76, 97, 91, 94, 96, 83, 91, 84, 96, 89), .Dim = 4:3, .Dimnames = list(
    c("Alex", "Emily", "Michael", "Abigael"), c("stat100A", "stat101A", 
    "stat102A")))
